5894
4718
4679
4726
4767
4721
4393
4642
4683
3538
2969
2512
2204
1307
1287
1004
932
820
739
649
11064
6393
4185
1830
4335
834
6966
6868
4309
858
10685
7053
3343
7046
3341
6562
3671
1871
10116
11918
6376
4088
1798
11822
14071
15048
16236
10941
3747
977
867
862
3048
2400
2038
1716
1671
1136
1119
1101
6796
7696
7102
3339
19212
5153
8910
15456
15140
6911
4659
1672
18940
6875
4458
961
10815
2140
6327
4326
1842
15690
6812
3368
10695
11120
10733
7107
3357
11826
7686
4350
1880
998
675
3909
3586
3157
2432
2141
2133
2029
1884
18935
12108
5366
1672
10837
7106
3332
7310
10735
10723
10707
10649
3635
1673
6532
15702
10791
12255
4888
1716
11976
18959
10510
11966
11930
4349
1879
1002
678
3934
3585
3156
2398
2178
2139
2028
1884
15378
7038
3410
8323
9392
6922
3482
15192
3897
703
2794
1936
1731
1722
1666
1181
1172
1056
7081
3343
1696
3616
6533
6533
1701
3616
18234
3215
9646
9711
9456
9355
9343
9628
1682
7176
34920
34125
35343
34794
35937
35083
35994
34214
6813
5299
5196
5242
5104
27317
29926
27553
30738
30953
7413
7389
7390
5028
152261
154746
124884
171823
172764
235646
159322
162114
153080
137969
9181
10359
13335
15600
15646
15462
17052
5596
2525
1745
15225
7212
7152
2847
1269
1007
1179
751
631
1276
2306
814
3511
2341
8507
8952
8791
11902
10755
2341
2233
1565
865
2341
1760
1458
1027
1557
2341
2328
2225
1714
1418
1025
890
2341
2341
2233
1773
1497
1410
1027
838
2341
2341
1762
1566
1467
1027
890
2233
2341
2341
2233
1778
1565
1413
1027
890
1882
1841
1557
1191
1096
2313
2204
2325
2265
2130
1968
1807
1125
935
7316
3366
11980
18954
10976
5130
7114
3411
3774
946
756
3035
2415
2121
1947
1670
1114
1054
894
1259
11375
10653
10723
5040
10874
6980
4527
984
12016
19111
10943
7279
3402
7174
3474
3740
903
897
760
3055
2404
2062
1870
1750
1208
1147
943
18927
10871
7163
3189
7230
3377
7195
3419
6680
3376
7632
7196
3439
15486
11411
15894
15516
5387
7325
3380
10600
11940
8332
10690
7271
3402
7271
3427
7207
3383
10865
16650
8805
15384
8135
11014
15276
15186
18246
7654
10943
11835
7184
3535
10787
6846
4385
754
15246
7088
3406
15948
3419
6997
7089
3393
14885
7440
7320
15180
10839
6550
3682
1830
10865
11932
8282
6296
3303
1871
15191
18891
6404
3885
1690
15882
10140
8879
11657
3302
751
667
2693
2591
2362
1614
1356
1105
1059
1062
3309
730
613
2736
2283
2166
1353
1350
1270
1063
1037
3296
706
678
2769
2246
2174
1791
1314
1309
1068
990
3526
801
678
3014
2364
2352
1295
1267
1052
1012
825
9762
3366
7133
6439
4403
1761
7476
7429
7458
29751
4330
843
6861
2164
15384
3651
1769
6530
10793
6368
3378
1744
4314
927
6863
4417
860
6895
5243
15450
6562
3696
2059
2249
2635
10940
18875
7102
3432
10053
7141
3533
10990
2212
1927
1574
2375
1418
955
6581
3621
1530
11141
15522
2797
3718
2064
3245
3253
2856
2765
2897
2785
2908
2897
2952
2910
2915
2878
2735
3371
3725
3852
3770
3759
3899
3787
3818
3808
3322
3763
3798
3729
3629
3748
3690
3705
3736
3790
6404
4215
1869
2912
6541
3694
1831
17904
11066
1720
3229
6423
194711
185578
11161
10814
10962
11029
7132
3316
5229
10862
10857
10794
8207
8196
8189
8185
7946
7816
7860
7820
7353
7746
7996
8027
7654
7434
7919
7931
7673
7880
7713
7413
7906
7426
7857
7685
7757
7779
7368
7324
7452
7713
7855
7823
7959
7916
7852
7912
7961
7909
7723
7879
7722
7421
7400
7833
7909
7614
7917
7975
7833
7858
7726
7100
7560
7184
7808
7942
7859
7759
7845
7861
7824
7896
7313
7989
8092
7348
7308
7824
7801
7822
7700
7905
8037
7989
7700
7887
7537
7549
7887
7830
7427
8070
7870
8104
7948
7812
7983
7999
7326
8078
8033
7966
7461
7450
7881
7337
7438
7843
7466
7698
7380
7259
8078
7263
7386
7667
8035
7562
7150
7346
7423
7386
7227
7412
8070
7476
7184
7895
7597
7251
7304
7342
7397
7329
7489
7809
7326
7181
7259
7219
7388
7182
7125
7358
7309
7293
7319
7236
7353
7360
7341
7384
7374
7715
7271
7375
7265
7224
7164
7333
7436
7386
7480
7240
7286
7352
7329
7154
7192
7443
7779
7238
7214
7233
7233
7129
7212
7228
7204
7252
7417
7261
7203
7297
7359
7226
7314
7228
7356
7324
7278
7184
7137
7291
7344
7227
7298
29903
