0
249036800
491257856
689700864
880017408
1061683200
1232601088
1391984640
1537212416
1675624448
1809580032
1944846336
2078277632
2192834560
2300051456
2402287616
2492727296
2576089088
2656567296
2715287552
2779774976
2826698752
2877554688
3033792512
3091202048
3091464192
3091726336
3091988480
3092250624
3092512768
3092774912
3093037056
3093299200
3093561344
3093823488
3094085632
3094347776
3094609920
3094872064
3095134208
3095396352
3095658496
3095920640
3096444928
3096969216
3097493504
3097755648
3098017792
3098279936
3098542080
3098804224
3099066368
3099590656
3100377088
3100639232
3100901376
3101163520
3101425664
3101687808
3101949952
3102474240
3102736384
3102998528
3103260672
3103522816
3103784960
3104047104
3104309248
3104571392
3104833536
3105357824
3105619968
3106668544
3106930688
3107454976
3108241408
3108765696
3109289984
3109814272
3110076416
3110600704
3110862848
3111124992
3111387136
3111649280
3112173568
3112435712
3112960000
3113484288
3113746432
3114270720
3114532864
3114795008
3115057152
3115581440
3115843584
3116105728
3116630016
3116892160
3117154304
3117416448
3117940736
3118202880
3118727168
3119251456
3119775744
3120037888
3120300032
3120824320
3121086464
3121610752
3122135040
3122397184
3122659328
3122921472
3123183616
3123707904
3124232192
3124494336
3124756480
3125280768
3125805056
3126329344
3126591488
3127115776
3127640064
3128164352
3133669376
3133931520
3134193664
3134455808
3134717952
3135242240
3135504384
3136028672
3136552960
3137077248
3137601536
3138125824
3138650112
3139174400
3139698688
3140485120
3141009408
3141271552
3141533696
3142057984
3142320128
3142582272
3142844416
3143368704
3144155136
3144417280
3150970880
3153068032
3153330176
3153592320
3154116608
3154378752
3154640896
3154903040
3155165184
3155427328
3155689472
3155951616
3156213760
3156475904
3156738048
3157262336
3157524480
3157786624
3158048768
3158573056
3158835200
3159097344
3159359488
3159621632
3159883776
3160408064
3160670208
3161456640
3161718784
3161980928
3162243072
3162505216
3162767360
3163029504
3163291648
3163553792
3163815936
3164340224
3164602368
3164864512
3165126656
3165388800
3165650944
3165913088
3166175232
3166699520
3166961664
3168534528
3170107392
3170369536
3170893824
3171418112
3171942400
3172466688
3172728832
3173253120
3173777408
3174039552
3179282432
3179806720
3182428160
3185311744
3185573888
3185836032
3186098176
3186360320
3186622464
3187146752
3187408896
3187671040
3187933184
3188457472
3188719616
3188981760
3189506048
3189768192
3190030336
3191865344
3192127488
3192389632
3192913920
3193176064
3194748928
3195273216
3195535360
3195797504
3196321792
3196583936
3196846080
3199729664
3199991808
3200253952
3200516096
3201040384
3201302528
3201564672
3201826816
3202088960
3202351104
3202613248
3202875392
3203137536
3203399680
3203661824
3203923968
3204186112
3204448256
3204710400
3204972544
3205234688
3205496832
3205758976
3206021120
3206283264
3206545408
3206807552
3207069696
3207593984
3207856128
3208118272
3208642560
3208904704
3209166848
3209428992
3209691136
3209953280
3210215424
3210477568
3210739712
3211001856
3211264000
3211526144
3211788288
3212050432
3212312576
3212574720
3212836864
3213099008
3213361152
3213623296
3213885440
3214147584
3214409728
3214671872
3214934016
3215982592
3216769024
3218079744
3219390464
3220701184
3221749760
3222798336
3223846912
3224371200
3224633344
3224895488
3225157632
3225419776
3225681920
3225944064
3227254784
3227516928
3227779072
3228303360
3228565504
3229089792
3229351936
3229614080
3229876224
3230138368
3230662656
3231711232
3232235520
3232497664
3232759808
3233284096
3233546240
3234332672
3234594816
3234856960
3235119104
3235381248
3235643392
3235905536
3236167680
3236429824
3236691968
3236954112
3237216256
3237478400
3237740544
3238002688
3238264832
3238526976
3238789120
3239313408
3239575552
3239837696
3240361984
3240624128
3240886272
3241148416
3241410560
3241672704
3241934848
3242196992
3242459136
3242721280
3242983424
3243245568
3243507712
3243769856
3244032000
3244294144
3244556288
3244818432
3245080576
3245342720
3245604864
3245867008
3246129152
3246915584
3247177728
3247439872
3247702016
3247964160
3248226304
3248488448
3248750592
3249012736
3249274880
3249537024
3249799168
3250061312
3250323456
3250585600
3250847744
3251109888
3251372032
3251634176
3251896320
3252158464
3252420608
3252682752
3253207040
3253469184
3253731328
3254255616
3254517760
3254779904
3255304192
3255566336
3256352768
3256614912
3256877056
3257139200
3257401344
3257663488
3258187776
3258974208
3259236352
3259498496
3259760640
3261071360
3261333504
3261595648
3263430656
3263692800
3263954944
3264217088
3264479232
3264741376
3265003520
3265265664
3265527808
3265789952
3266314240
3266576384
3266838528
3267100672
3267362816
3267624960
3268149248
3268411392
3268673536
3269722112
3269984256
3270246400
3274964992
3279945728
3284664320
3289382912
3294363648
3299082240
3304062976
3304325120
3304587264
3304849408
3305111552
3305373696
3305635840
3306946560
3307208704
3307470848
3308257280
3308781568
3309305856
3309568000
3310092288
3310616576
3310878720
3311403008
3311927296
3312189440
3312451584
3312975872
3313238016
3313500160
3313762304
3314024448
3314286592
3315335168
3316121600
3316383744
3316645888
3316908032
3317170176
3317694464
3317956608
3318218752
3318743040
3319005184
3319529472
3319791616
3320053760
3320315904
3320578048
3320840192
3321102336
3321364480
3321626624
3321888768
3322150912
3322413056
3322675200
3322937344
3323199488
3323461632
3323723776
3323985920
3324248064
3324510208
3324772352
3325034496
3325296640
3325558784
3325820928
3326083072
3326345216
3326607360
3326869504
3327131648
3327393792
3327655936
3327918080
3328180224
3328442368
3328704512
3328966656
3329228800
3329490944
3329753088
3330015232
3330277376
3330539520
3330801664
3331063808
3331325952
3331588096
3331850240
3332112384
3332374528
3332636672
3332898816
3333160960
3333423104
3333685248
3333947392
3334209536
3334471680
3334733824
3334995968
3335258112
3335520256
3335782400
3336044544
3336306688
3336830976
3337093120
3337355264
3337617408
3337879552
3338141696
3338403840
3338665984
3338928128
3339190272
3339452416
3339714560
3339976704
3340238848
3340500992
3340763136
3341025280
3341287424
3341549568
3341811712
3342073856
3342336000
3342598144
3342860288
3343122432
3343384576
3343646720
3343908864
3344171008
3344433152
3344695296
3344957440
3345219584
3345481728
3345743872
3346006016
3346268160
3346530304
3346792448
3347054592
3347316736
3347578880
3347841024
3348103168
3348365312
3348627456
3348889600
3349151744
3349413888
3349676032
3349938176
3350200320
3350462464
3350724608
3350986752
3351248896
3351511040
3351773184
3352035328
3352559616
3354656768
3355181056
3355443200
3355705344
3355967488
3356229632
3356491776
3356753920
3357016064
3357278208
3357540352
3357802496
3358064640
3358326784
3358588928
3358851072
3359113216
3359375360
3359637504
3359899648
3360161792
3360423936
3360686080
3360948224
3361210368
3361472512
3361734656
3361996800
3362258944
3362521088
